2932 (177.2, 590.3, 238.0, 653.0) (60.80335998535156, 62.7613525390625)
1479 (481.6, 62.3, 512.4, 92.9) (30.782073974609375, 30.66461944580078)
1479 (483.6, 60.8, 514.3, 91.5) (30.782073974609375, 30.66461944580078)
1486 (481.6, 62.3, 512.4, 92.9) (30.782073974609375, 30.66461944580078)
1486 (483.6, 60.8, 514.3, 91.5) (30.782073974609375, 30.66461944580078)
1470 (362.0, 106.5, 571.0, 122.6) (208.92105102539062, 16.076087951660156)
1483 (409.9, 67.8, 429.5, 87.3) (19.611968994140625, 19.504440307617188)
1483 (411.8, 66.3, 431.4, 85.8) (19.611968994140625, 19.504440307617188)
1466 (321.0, 6.0, 571.0, 128.7) (249.98324584960938, 122.702880859375)
1481 (517.3, 64.6, 536.8, 84.2) (19.47161865234375, 19.621170043945312)
1481 (519.3, 63.2, 538.7, 82.8) (19.47161865234375, 19.621170043945312)
1474 (517.3, 64.6, 536.8, 84.2) (19.47161865234375, 19.621170043945312)
1474 (519.3, 63.2, 538.7, 82.8) (19.47161865234375, 19.621170043945312)
1478 (468.7, 44.1, 488.7, 63.8) (19.9248046875, 19.686870574951172)
1478 (470.7, 42.6, 490.6, 62.3) (19.9248046875, 19.686870574951172)
1480 (434.3, 60.3, 477.2, 103.3) (42.966796875, 42.966800689697266)
1480 (436.2, 58.9, 479.2, 101.8) (42.966796875, 42.966800689697266)
2447 (395.3, 789.6, 411.4, 805.3) (16.0687255859375, 15.7593994140625)
2452 (394.0, 727.4, 423.6, 756.5) (29.6104736328125, 29.04046630859375)
1476 (409.9, 67.8, 429.5, 87.3) (19.611968994140625, 19.504440307617188)
1476 (411.8, 66.3, 431.4, 85.8) (19.611968994140625, 19.504440307617188)
1485 (468.7, 44.1, 488.7, 63.8) (19.9248046875, 19.686870574951172)
1485 (470.7, 42.6, 490.6, 62.3) (19.9248046875, 19.686870574951172)
1468 (306.9, 6.1, 321.0, 76.5) (14.0845947265625, 70.37216186523438)
1473 (434.3, 60.3, 477.2, 103.3) (42.966796875, 42.966800689697266)
1473 (436.2, 58.9, 479.2, 101.8) (42.966796875, 42.966800689697266)
1462 (309.7, 6.2, 571.2, 128.7) (261.5144348144531, 122.46504211425781)
2450 (396.0, 757.3, 409.3, 770.3) (13.33367919921875, 13.05755615234375)